start=194.966667
volume=94.000000
